01657871591 01628373796 0984739831 0915161698 0985840593 0905927025 0977108201 0906110193 0986232514 0962166186 0985993493 01695387595 0976068133 01675172089 01695553141 0941841323 0972576280 01213141946 0902291877 0974498419 0947234426 01656299082 01656280289 0936107209

560381171 715835955 100001528324090 1243333149 100004876026929 100000635702127 100000088843529
 
1496229979 100001808503133 100024636054264 100003192177250

100006734564251 84389323219 0383458448

560381171 715835955 100001528324090 1243333149

thanh tuan vinh vudinhhoa